00000000010100000000001010010011
00000000000000000000000000010011
00000000000000000000000000010011
00000000000000000000000000010011
00000000010000000000001100010011
00000000000000000000000000010011
00000000000000000000000000010011
11111111111100110000001100010011
00000000000000000000000000010011
00000000000000000000000000010011
11111110000000110001101011100011
11111111111100101000001010010011
00000000000000000000000000010011
00000000000000000000000000010011
11111100000000101001110011100011
00000011011100000000111100010011
